[stan]
MAPA 30 30
SEED 1651600894947
TURA 103
[org]
$ 4 0 103
O 6 18 103
A 15 1 103
% 5 7 103
W 13 21 103
* 9 4 100
* 6 7 97
* 10 3 97
* 8 4 97
* 10 4 97
* 10 7 97
* 9 6 95
* 7 2 94
* 8 2 94
* 9 2 94
* 7 3 94
* 11 2 94
* 11 6 94
* 10 8 94
* 7 4 93
* 7 5 92
* 4 6 91
* 6 1 91
* 8 1 91
* 6 2 91
* 9 1 91
* 11 1 91
* 12 1 91
* 12 6 91
* 12 8 91
* 9 9 91
* 10 9 91
* 11 9 91
* 12 9 91
* 10 6 90
$ 2 3 89
$ 4 3 89
* 7 7 88
* 10 1 88
* 8 9 88
* 3 5 88
* 5 3 88
* 3 6 88
* 3 7 88
* 8 10 88
* 5 0 88
* 6 0 88
* 7 0 88
* 5 1 88
* 5 2 88
* 8 0 88
* 9 0 88
* 10 0 88
* 11 0 88
* 12 0 88
* 13 0 88
* 13 1 88
* 13 3 88
* 13 4 88
* 13 8 88
* 9 10 88
* 10 10 88
* 11 10 88
* 12 10 88
* 13 10 88
* 10 2 87
* 6 3 87
* 13 6 87
* 8 3 86
* 6 4 86
* 7 1 85
* 5 4 85
* 13 2 85
* 2 4 85
* 2 6 85
* 4 2 85
* 2 7 85
* 2 9 85
* 5 11 85
* 9 11 85
* 4 1 85
* 14 0 85
* 14 2 85
* 14 4 85
* 14 5 85
* 14 8 85
* 14 10 85
* 10 11 85
* 11 11 85
* 13 11 85
* 7 6 84
* 9 3 84
* 8 6 83
* 11 4 83
* 3 4 83
* 4 4 83
* 12 2 82
* 14 1 82
* 1 3 82
* 1 4 82
* 1 5 82
* 1 6 82
* 1 7 82
* 3 1 82
* 3 2 82
* 1 8 82
* 1 10 82
* 6 12 82
* 8 12 82
* 9 12 82
* 10 12 82
* 3 0 82
* 15 0 82
* 15 1 82
* 15 2 82
* 15 3 82
* 15 4 82
* 15 6 82
* 15 7 82
* 15 9 82
* 15 11 82
* 11 12 82
* 12 12 82
* 13 12 82
* 14 12 82
* 15 12 82
* 11 3 81
* 8 8 80
* 12 4 80
* 2 8 80
* 9 7 79
* 8 7 79
* 14 6 79
* 1 9 79
* 0 2 79
* 1 2 79
* 2 2 79
* 0 3 79
* 0 4 79
* 0 5 79
* 0 6 79
* 0 7 79
* 0 8 79
* 2 0 79
* 2 1 79
* 0 9 79
* 7 13 79
* 8 13 79
* 9 13 79
* 10 13 79
* 11 13 79
* 16 4 79
* 16 5 79
* 16 6 79
* 16 7 79
* 16 9 79
* 12 13 79
* 13 13 79
* 15 13 79
* 16 13 79
* 7 8 78
* 9 8 78
* 11 8 77
* 0 1 76
* 1 1 76
* 1 0 76
* 0 13 76
* 6 14 76
* 10 14 76
* 11 14 76
* 12 14 76
* 17 1 76
* 17 2 76
* 17 3 76
* 17 4 76
* 17 6 76
* 17 7 76
* 17 9 76
* 13 14 76
* 14 14 76
* 15 14 76
* 17 14 76
* 0 14 74
* 7 9 73
* 14 3 73
* 0 0 73
* 0 15 73
* 1 15 73
* 3 15 73
* 4 15 73
* 5 15 73
* 6 15 73
* 7 15 73
* 9 15 73
* 11 15 73
* 12 15 73
* 13 15 73
* 18 0 73
* 18 1 73
* 18 3 73
* 18 5 73
* 18 6 73
* 18 7 73
* 18 11 73
* 18 12 73
* 18 13 73
* 18 14 73
* 14 15 73
* 15 15 73
* 17 15 73
* 18 15 73
* 11 5 72
* 12 3 72
* 12 5 71
* 0 16 70
* 2 16 70
* 3 16 70
* 4 16 70
* 5 16 70
* 6 16 70
* 7 16 70
* 8 16 70
* 9 16 70
* 10 16 70
* 12 16 70
* 13 16 70
* 14 16 70
* 19 0 70
* 19 1 70
* 19 4 70
* 19 5 70
* 19 7 70
* 19 8 70
* 19 9 70
* 19 10 70
* 19 11 70
* 19 12 70
* 19 13 70
* 19 14 70
* 19 15 70
* 15 16 70
* 16 16 70
* 17 16 70
* 18 16 70
* 19 16 70
* 11 7 69
* 12 7 69
* 6 11 69
* 9 5 68
* 13 5 68
* 5 12 68
* 0 11 68
* 10 5 67
* 4 11 67
* 15 5 67
* 0 17 67
* 1 17 67
* 3 17 67
* 4 17 67
* 5 17 67
* 6 17 67
* 7 17 67
* 11 17 67
* 12 17 67
* 13 17 67
* 14 17 67
* 15 17 67
* 20 0 67
* 20 1 67
* 20 4 67
* 20 7 67
* 20 8 67
* 20 9 67
* 20 11 67
* 20 13 67
* 20 14 67
* 20 15 67
* 20 16 67
* 16 17 67
* 17 17 67
* 18 17 67
* 19 17 67
* 20 17 67
* 8 5 66
* 6 5 65
* 0 10 65
* 0 18 64
* 1 18 64
* 3 18 64
* 4 18 64
* 6 18 64
* 9 18 64
* 10 18 64
* 12 18 64
* 13 18 64
* 14 18 64
* 15 18 64
* 16 18 64
* 21 1 64
* 21 2 64
* 21 5 64
* 21 6 64
* 21 8 64
* 21 9 64
* 21 10 64
* 21 12 64
* 21 13 64
* 21 14 64
* 21 15 64
* 21 16 64
* 21 17 64
* 17 18 64
* 18 18 64
* 19 18 64
* 20 18 64
* 21 18 64
* 5 6 63
* 5 9 63
* 16 11 63
* 14 11 62
* 0 19 61
* 1 19 61
* 6 19 61
* 7 19 61
* 9 19 61
* 11 19 61
* 13 19 61
* 14 19 61
* 15 19 61
* 16 19 61
* 17 19 61
* 22 0 61
* 22 1 61
* 22 2 61
* 22 3 61
* 22 4 61
* 22 5 61
* 22 6 61
* 22 8 61
* 22 10 61
* 22 12 61
* 22 14 61
* 22 15 61
* 22 16 61
* 22 17 61
* 22 18 61
* 18 19 61
* 19 19 61
* 20 19 61
* 21 19 61
* 22 19 61
* 14 13 60
* 0 12 60
* 5 5 59
* 12 11 59
* 3 8 58
* 14 9 58
* 0 20 58
* 1 20 58
* 6 20 58
* 7 20 58
* 8 20 58
* 10 20 58
* 11 20 58
* 12 20 58
* 16 20 58
* 17 20 58
* 18 20 58
* 23 1 58
* 23 2 58
* 23 3 58
* 23 4 58
* 23 5 58
* 23 6 58
* 23 7 58
* 23 8 58
* 23 11 58
* 23 13 58
* 23 14 58
* 23 15 58
* 23 16 58
* 23 17 58
* 23 18 58
* 23 19 58
* 19 20 58
* 20 20 58
* 21 20 58
* 22 20 58
* 23 20 58
* 5 8 57
* 13 9 57
* 6 6 56
* 4 8 56
* 4 7 55
* 3 9 55
* 17 11 55
* 0 21 55
* 1 21 55
* 7 21 55
* 8 21 55
* 9 21 55
* 10 21 55
* 11 21 55
* 12 21 55
* 16 21 55
* 17 21 55
* 18 21 55
* 19 21 55
* 24 0 55
* 24 1 55
* 24 2 55
* 24 3 55
* 24 4 55
* 24 5 55
* 24 6 55
* 24 7 55
* 24 8 55
* 24 9 55
* 24 10 55
* 24 11 55
* 24 12 55
* 24 13 55
* 24 14 55
* 24 15 55
* 24 16 55
* 24 17 55
* 24 18 55
* 24 19 55
* 24 20 55
* 20 21 55
* 21 21 55
* 22 21 55
* 23 21 55
* 24 21 55
* 4 5 54
* 4 10 54
* 2 14 54
* 18 9 54
* 2 5 53
* 3 3 53
* 3 13 53
* 17 10 53
* 18 10 52
* 0 22 52
* 1 22 52
* 2 22 52
* 3 22 52
* 4 22 52
* 5 22 52
* 6 22 52
* 7 22 52
* 8 22 52
* 9 22 52
* 10 22 52
* 11 22 52
* 12 22 52
* 13 22 52
* 15 22 52
* 16 22 52
* 17 22 52
* 18 22 52
* 19 22 52
* 20 22 52
* 25 0 52
* 25 1 52
* 25 2 52
* 25 3 52
* 25 4 52
* 25 5 52
* 25 6 52
* 25 7 52
* 25 8 52
* 25 9 52
* 25 10 52
* 25 11 52
* 25 12 52
* 25 13 52
* 25 14 52
* 25 15 52
* 25 16 52
* 25 17 52
* 25 18 52
* 25 19 52
* 25 20 52
* 25 21 52
* 21 22 52
* 22 22 52
* 23 22 52
* 24 22 52
* 25 22 52
* 16 12 51
* 17 13 50
* 1 14 49
* 16 15 49
* 0 23 49
* 1 23 49
* 2 23 49
* 3 23 49
* 4 23 49
* 5 23 49
* 6 23 49
* 7 23 49
* 8 23 49
* 9 23 49
* 10 23 49
* 11 23 49
* 12 23 49
* 13 23 49
* 14 23 49
* 15 23 49
* 16 23 49
* 17 23 49
* 18 23 49
* 19 23 49
* 20 23 49
* 21 23 49
* 26 0 49
* 26 1 49
* 26 2 49
* 26 3 49
* 26 4 49
* 26 5 49
* 26 6 49
* 26 7 49
* 26 8 49
* 26 9 49
* 26 10 49
* 26 11 49
* 26 12 49
* 26 13 49
* 26 14 49
* 26 15 49
* 26 16 49
* 26 17 49
* 26 18 49
* 26 19 49
* 26 20 49
* 26 21 49
* 26 22 49
* 22 23 49
* 23 23 49
* 24 23 49
* 25 23 49
* 26 23 49
* 16 14 48
* 6 8 47
* 17 12 47
* 15 10 46
* 6 9 46
* 0 24 46
* 1 24 46
* 2 24 46
* 3 24 46
* 4 24 46
* 5 24 46
* 6 24 46
* 7 24 46
* 8 24 46
* 9 24 46
* 10 24 46
* 11 24 46
* 12 24 46
* 13 24 46
* 14 24 46
* 15 24 46
* 16 24 46
* 17 24 46
* 18 24 46
* 19 24 46
* 20 24 46
* 21 24 46
* 22 24 46
* 27 0 46
* 27 1 46
* 27 2 46
* 27 3 46
* 27 4 46
* 27 5 46
* 27 6 46
* 27 7 46
* 27 8 46
* 27 9 46
* 27 10 46
* 27 11 46
* 27 12 46
* 27 13 46
* 27 14 46
* 27 15 46
* 27 16 46
* 27 17 46
* 27 18 46
* 27 19 46
* 27 20 46
* 27 21 46
* 27 22 46
* 27 23 46
* 23 24 46
* 24 24 46
* 25 24 46
* 26 24 46
* 27 24 46
* 7 10 45
* 17 8 45
* 8 11 44
* 16 8 44
* 14 7 43
* 0 25 43
* 1 25 43
* 2 25 43
* 3 25 43
* 4 25 43
* 5 25 43
* 6 25 43
* 7 25 43
* 8 25 43
* 9 25 43
* 10 25 43
* 11 25 43
* 12 25 43
* 13 25 43
* 14 25 43
* 15 25 43
* 16 25 43
* 17 25 43
* 18 25 43
* 19 25 43
* 20 25 43
* 21 25 43
* 22 25 43
* 23 25 43
* 28 0 43
* 28 1 43
* 28 2 43
* 28 3 43
* 28 4 43
* 28 5 43
* 28 6 43
* 28 7 43
* 28 8 43
* 28 9 43
* 28 10 43
* 28 11 43
* 28 12 43
* 28 13 43
* 28 14 43
* 28 15 43
* 28 16 43
* 28 17 43
* 28 18 43
* 28 19 43
* 28 20 43
* 28 21 43
* 28 22 43
* 28 23 43
* 28 24 43
* 24 25 43
* 25 25 43
* 26 25 43
* 27 25 43
* 28 25 43
* 13 7 42
* 7 12 42
* 7 11 41
* 15 8 41
* 4 14 41
* 6 10 40
* 16 10 40
* 0 26 40
* 1 26 40
* 2 26 40
* 3 26 40
* 4 26 40
* 5 26 40
* 6 26 40
* 7 26 40
* 8 26 40
* 9 26 40
* 10 26 40
* 11 26 40
* 12 26 40
* 13 26 40
* 14 26 40
* 15 26 40
* 16 26 40
* 17 26 40
* 18 26 40
* 19 26 40
* 20 26 40
* 21 26 40
* 22 26 40
* 23 26 40
* 24 26 40
* 29 0 40
* 29 1 40
* 29 2 40
* 29 3 40
* 29 4 40
* 29 5 40
* 29 6 40
* 29 7 40
* 29 8 40
* 29 9 40
* 29 10 40
* 29 11 40
* 29 12 40
* 29 13 40
* 29 14 40
* 29 15 40
* 29 16 40
* 29 17 40
* 29 18 40
* 29 19 40
* 29 20 40
* 29 21 40
* 29 22 40
* 29 23 40
* 29 24 40
* 29 25 40
* 25 26 40
* 26 26 40
* 27 26 40
* 28 26 40
* 29 26 40
* 5 10 39
* 18 8 39
* 4 12 38
* 4 9 38
* 3 10 37
* 3 12 37
* 21 7 37
* 0 27 37
* 1 27 37
* 2 27 37
* 3 27 37
* 4 27 37
* 5 27 37
* 6 27 37
* 7 27 37
* 8 27 37
* 9 27 37
* 10 27 37
* 11 27 37
* 12 27 37
* 13 27 37
* 14 27 37
* 15 27 37
* 16 27 37
* 17 27 37
* 18 27 37
* 19 27 37
* 20 27 37
* 21 27 37
* 22 27 37
* 23 27 37
* 24 27 37
* 25 27 37
* 26 27 37
* 27 27 37
* 28 27 37
* 29 27 37
* 1 11 35
* 23 9 35
* 5 13 34
* 22 11 34
* 0 28 34
* 1 28 34
* 2 28 34
* 3 28 34
* 4 28 34
* 5 28 34
* 6 28 34
* 7 28 34
* 8 28 34
* 9 28 34
* 10 28 34
* 11 28 34
* 12 28 34
* 13 28 34
* 14 28 34
* 15 28 34
* 16 28 34
* 17 28 34
* 18 28 34
* 19 28 34
* 20 28 34
* 21 28 34
* 22 28 34
* 23 28 34
* 24 28 34
* 25 28 34
* 26 28 34
* 27 28 34
* 28 28 34
* 29 28 34
* 23 10 33
* 23 12 32
* 1 12 31
* 4 13 31
* 22 13 31
* 0 29 31
* 1 29 31
* 2 29 31
* 3 29 31
* 4 29 31
* 5 29 31
* 6 29 31
* 7 29 31
* 8 29 31
* 9 29 31
* 10 29 31
* 11 29 31
* 12 29 31
* 13 29 31
* 14 29 31
* 15 29 31
* 16 29 31
* 17 29 31
* 18 29 31
* 19 29 31
* 20 29 31
* 21 29 31
* 22 29 31
* 23 29 31
* 24 29 31
* 25 29 31
* 26 29 31
* 27 29 31
* 28 29 31
* 29 29 31
* 2 11 30
* 5 14 30
* 20 12 30
* 2 10 29
* 6 13 29
* 20 10 29
* 7 14 28
* 3 11 28
* 21 11 28
* 8 15 27
* 22 9 27
* 2 12 27
* 8 14 26
* 1 13 26
* 22 7 26
* 9 14 25
* 2 13 25
* 10 15 24
* 20 5 24
* 3 14 23
* 11 16 23
* 19 3 23
* 2 15 22
* 10 17 22
* 20 3 22
* 1 16 21
* 9 17 21
* 21 3 21
* 2 17 20
* 8 17 20
* 19 2 19
* 2 18 19
* 8 18 19
* 7 18 18
* 2 19 18
* 2 20 17
* 23 0 17
* 21 0 15
* 8 19 15
* 2 21 15
* 20 2 14
* 3 20 14
* 9 20 14
* 3 19 13
* 10 19 13
* 16 3 12
* 11 18 12
* 17 5 11
* 12 19 11
* 19 6 10
* 4 19 10
* 21 4 9
* 4 20 9
* 20 6 8
* 15 20 8
* 18 4 7
* 15 21 7
* 3 21 7
* 14 20 6
* 4 21 6
* 16 2 5
* 5 21 5
* 16 0 4
* 14 22 4
* 16 1 3
* 6 21 3
* 18 2 2
* 5 20 2
* 14 21 2
* 5 19 1
* 13 20 1
[org]
[stan]
